20
         0        562        670        707          5         58        801        140        358        238         69        500        589        249         57        607        921        311        322        822 
       599          0         30        968        900        150        138        519        629        197        346        763         21        908        122        729        913        181        219        744 
       229        148          0        503        729        737        752        476         34        362        477        356        874        767         76        841        666        226        980        185 
       546        867        221          0        308        889        128        430        307        731        301        216        474        530        364        667        949        792        418        114 
       826        470        592        872          0        343         48        949        875        714        174        854        589        720        410        810        718        298        628        839 
       295        359        139        512        523          0        670        876        190        308        667        298        423        182        769        705         54        111        753        693 
       986        156        867        529        746        277          0        940        245        685        928        874        523        914        923        353        425        135        713        991 
        15         20        348        314        443        530        773          0        838        274        574        280        967        250        437        524        779        873        491        408 
       808        175         26        681        389        940        293        742          0         54        119        454        735        134        474         82        138        608        303        911 
       445        267        485        726        234        425        853        448        203          0        725        939        302        532        113         18        904        502        958        887 
       243        702          5        387        436        831        862        209        969        469          0        512        570        604        779        745         19        703        169        872 
       150         62        596        779         54        819        893         72        722         84        720          0        608         18        421        304        405        858        134        957 
       757        793        425        268        362        720        737        106        739        130        966        611          0        280         28        897        750         82        715        642 
       846        436        416        565        735        434        987        729        530        534        863        486        290          0        655        602        248        708        321        675 
       504         59        805        470        360        776        188        257        525        961        972        857        806         98          0        272        371        523        397         47 
       251        617        271        804        102        251        148        394        499        856        405        173         50        155        669          0        520        515        444        398 
       772        659        358        434        515        855        222        477        916        745        564        963        686        180        924        179          0        974        174        327 
       367        363        874        773        226        924        928        895        443        132         28        531        905        687        579         28        201          0        433        250 
       679        348        685        242          0         60        113        614        239         86        788        566        143        150        439        916         67        362          0        533 
       962        495        666        991        716        260        677        295        288        569        418        228        938        457        603        179        147        663        983          0 

